123579
256789
12356
123568
34579
123569
236789
245679
234569
123579
123679
134578
34569
135678
123469
345689
34679
12357
134789
234579
124568
145789
23489
24568
23469
123589
124579
23459
34579
35678
13789
35678
124567
145679
134579
145789
123689
12369
13456
23679
12568
14568
124679
34589
234567
36789
346789
145678
12579
12346
13569
15679
234678
23468
24569
456789
125678
12345
12469
12679
14679
135689
12459
13458
34569
134589
234589
46789
345678
123578
14567
12569
26789
123789
124679
245689
34568
236789
12478
23789
13467
345679
45679
123589
13459
235689
45678
234789
23579
123579
236789
12348
23456
13459
123568
14579
123457
124689
23569
123678
